1 1 1 1 1 1 1 1 1 1 1 1 1 1 1 1 1 1 1 1 1 1 1 1 1 1 1 1 1 1 1 1 1 1 1 1 1 1 1 1 
1 1 1 1 1 1 1 1 1 1 1 1 1 1 1 1 1 1 1 1 1 1 1 1 1 1 1 1 1 1 1 1 1 1 1 1 1 1 1 1 
1 1 1 1 1 1 1 1 1 1 1 1 1 1 19 17 15 15 19 1 1 19 15 15 15 17 1 1 1 1 1 1 1 1 1 1 1 1 1 1 
1 1 1 1 1 1 1 1 1 1 1 19 19 17 15 15 15 15 19 1 1 19 15 15 15 17 1 1 1 1 1 1 1 1 1 1 1 1 1 1 
1 1 1 1 1 1 1 1 1 1 19 15 15 15 15 15 15 15 19 1 1 17 15 15 15 19 1 1 19 19 1 1 1 1 1 1 1 1 1 1 
1 1 1 1 1 1 1 1 1 19 15 15 15 15 15 15 15 17 1 1 19 15 15 15 17 1 1 1 17 15 19 1 1 1 1 1 1 1 1 1 
1 1 1 1 1 1 1 19 17 15 15 15 15 15 15 15 15 19 1 1 19 15 15 15 19 1 1 19 15 15 15 17 19 1 1 1 1 1 1 1 
1 1 1 1 1 1 19 17 15 15 15 15 15 15 15 15 15 19 1 19 15 15 15 17 1 1 1 19 15 15 15 15 17 1 1 1 1 1 1 1 
1 1 1 1 1 1 17 15 15 15 15 15 15 15 15 15 19 1 1 19 15 15 15 19 1 1 19 15 15 15 15 15 15 17 1 1 1 1 1 1 
1 1 1 1 1 19 15 15 15 15 15 15 15 15 15 17 1 1 19 15 15 15 17 1 1 1 17 15 15 15 15 15 15 15 19 1 1 1 1 1 
1 1 1 1 19 15 15 15 15 15 15 15 15 15 17 1 1 19 17 15 15 15 19 1 1 19 15 15 15 15 15 15 15 15 15 19 1 1 1 1 
1 1 1 19 17 15 15 15 15 15 15 15 15 17 1 1 19 17 15 15 15 19 1 1 19 15 15 15 15 15 15 15 15 15 15 17 1 1 1 1 
1 1 1 19 15 15 15 15 15 15 15 15 19 1 1 19 17 15 15 15 19 1 1 19 15 15 15 15 15 15 15 15 15 15 15 15 19 1 1 1 
1 1 1 15 15 15 15 15 15 15 17 19 1 1 19 15 15 15 15 19 1 1 19 15 15 15 15 15 15 15 15 15 15 15 15 15 17 1 1 1 
1 1 19 15 15 15 15 17 19 19 1 1 19 17 15 15 15 15 19 1 1 17 15 15 15 15 15 15 15 15 15 15 15 15 15 15 15 1 1 1 
1 1 19 19 19 19 19 1 1 1 19 17 15 15 15 15 19 19 1 19 15 15 15 15 15 15 15 15 15 15 15 15 15 15 15 15 15 19 1 1 
1 1 1 1 1 1 1 1 17 15 15 15 15 15 17 19 19 1 1 1 19 19 17 15 15 15 15 15 15 15 15 15 15 15 15 15 15 17 1 1 
1 1 1 1 1 1 1 1 1 19 19 17 15 15 15 15 15 15 17 19 1 1 1 19 19 17 15 15 15 15 15 15 15 15 15 15 15 15 1 1 
1 1 19 19 19 19 19 19 1 1 1 1 19 19 17 15 15 15 15 15 17 19 1 1 1 1 19 19 15 15 15 15 15 15 15 15 15 15 1 1 
1 1 15 15 15 15 15 15 15 15 17 19 19 1 1 19 19 17 15 15 15 15 15 19 19 1 1 1 19 17 15 15 15 15 15 15 15 15 1 1 
1 1 15 15 15 15 15 15 15 15 15 15 15 15 19 1 1 19 19 15 15 15 15 15 15 19 1 1 1 1 19 15 15 15 15 15 15 15 1 1 
1 1 15 15 15 15 15 15 15 15 15 15 15 15 15 15 19 1 1 19 19 15 15 15 15 15 17 1 1 1 19 19 15 15 15 15 15 15 1 1 
1 1 17 15 15 15 15 15 15 15 15 15 15 15 15 15 15 17 19 1 1 19 15 15 15 15 15 17 1 1 1 1 19 15 15 15 15 15 1 1 
1 1 19 15 15 15 15 15 15 15 15 15 15 15 15 15 15 15 15 19 1 1 19 17 15 15 15 15 17 1 1 1 1 19 15 15 15 17 1 1 
1 1 19 15 15 15 15 15 15 15 15 15 15 15 15 15 15 15 15 15 19 1 1 19 17 15 15 15 15 17 1 1 1 1 19 15 15 19 1 1 
1 1 19 15 15 15 15 15 15 15 15 15 15 15 15 15 15 15 15 15 15 19 1 1 19 17 15 15 15 15 17 1 1 1 1 17 15 1 1 1 
1 1 1 15 15 15 15 15 15 15 15 15 15 15 15 15 15 15 15 15 15 15 19 1 1 19 17 15 15 15 15 19 1 1 1 19 19 1 1 1 
1 1 1 19 15 15 15 15 15 15 15 15 15 15 15 15 15 15 15 15 15 15 17 1 1 1 19 15 15 15 15 15 19 1 1 1 1 1 1 1 
1 1 1 1 15 15 15 15 15 15 15 15 15 15 15 15 15 15 15 15 15 15 15 19 1 1 1 19 15 15 15 15 19 1 1 1 1 1 1 1 
1 1 1 1 19 15 15 15 15 15 15 15 15 15 15 15 15 15 15 15 15 15 15 15 19 1 1 19 17 15 15 15 15 19 1 1 1 1 1 1 
1 1 1 1 1 19 15 15 15 15 15 15 15 15 15 15 15 15 15 15 15 15 15 15 19 1 1 1 19 15 15 15 15 19 1 1 1 1 1 1 
1 1 1 1 1 1 17 15 15 15 15 15 15 15 15 15 15 15 15 15 15 15 15 15 15 19 1 1 1 17 15 15 15 17 1 1 1 1 1 1 
1 1 1 1 1 1 19 17 15 15 15 15 15 15 15 15 15 15 15 15 15 15 15 15 15 19 1 1 1 19 15 15 17 19 1 1 1 1 1 1 
1 1 1 1 1 1 1 1 17 15 15 15 15 15 15 15 15 15 15 15 15 15 15 15 15 19 1 1 1 19 15 17 1 1 1 1 1 1 1 1 
1 1 1 1 1 1 1 1 1 17 15 15 15 15 15 15 15 15 15 15 15 15 15 15 15 17 1 1 1 19 19 1 1 1 1 1 1 1 1 1 
1 1 1 1 1 1 1 1 1 1 19 17 15 15 15 15 15 15 15 15 15 15 15 15 15 17 1 1 1 19 1 1 1 1 1 1 1 1 1 1 
1 1 1 1 1 1 1 1 1 1 1 1 19 17 15 15 15 15 15 15 15 15 15 15 15 15 1 1 1 1 1 1 1 1 1 1 1 1 1 1 
1 1 1 1 1 1 1 1 1 1 1 1 1 1 1 19 17 15 15 15 15 15 15 17 19 1 1 1 1 1 1 1 1 1 1 1 1 1 1 1 
1 1 1 1 1 1 1 1 1 1 1 1 1 1 1 1 1 1 1 1 1 1 1 1 1 1 1 1 1 1 1 1 1 1 1 1 1 1 1 1 
1 1 1 1 1 1 1 1 1 1 1 1 1 1 1 1 1 1 1 1 1 1 1 1 1 1 1 1 1 1 1 1 1 1 1 1 1 1 1 1 
1 1 1 1 1 1 1 1 1 1 1 1 1 1 1 1 1 1 1 1 1 1 1 1 1 1 1 1 1 1 1 1 1 1 1 1 1 1 1 1 
1 1 1 1 1 1 1 1 1 1 1 1 1 1 1 1 1 1 1 1 1 1 1 1 1 1 1 1 1 1 1 1 1 1 1 1 1 1 1 1 
1 1 1 1 1 1 1 1 1 1 1 1 1 1 1 1 1 1 1 1 1 1 1 1 1 1 1 1 1 1 1 1 1 1 1 1 1 1 1 1 
1 1 1 1 1 1 1 1 1 1 1 1 1 1 1 1 1 1 1 1 1 1 1 1 1 1 1 1 1 1 1 1 1 1 1 1 1 1 1 1 
1 1 1 1 1 1 1 1 1 1 1 1 1 1 1 1 1 1 1 1 1 1 1 1 1 1 1 1 1 1 1 1 1 1 1 1 1 1 1 1 
1 1 1 1 1 1 1 1 1 1 1 1 1 1 1 1 1 1 1 1 1 1 1 1 1 1 1 1 1 1 1 1 1 1 1 1 1 1 1 1 
1 1 1 1 1 1 1 1 1 1 1 1 1 1 1 1 1 1 1 1 1 1 1 1 1 1 1 1 1 1 1 1 1 1 1 1 1 1 1 1 
1 24 2 2 24 24 2 2 3 3 3 20 31 31 0 0 31 1 1 1 1 1 1 2 2 2 2 3 3 2 2 3 3 3 3 2 2 2 2 1 
1 24 24 19 19 19 2 2 31 31 31 0 14 14 31 31 31 1 1 1 1 1 1 2 2 2 2 3 3 2 2 3 3 3 3 2 2 2 2 1 
1 3 3 2 2 3 3 31 31 31 31 20 31 31 31 20 31 1 1 1 1 1 1 2 2 1 1 0 0 1 1 0 0 0 0 0 0 2 2 1 
1 0 0 0 0 31 31 31 31 31 31 0 14 31 20 0 0 1 1 1 1 1 1 2 2 1 1 0 0 1 1 0 0 0 0 0 0 2 2 1 
1 0 0 31 13 14 31 31 31 31 31 25 31 31 3 0 0 1 1 1 1 1 1 3 3 0 0 1 1 0 0 0 0 0 0 0 0 2 2 1 
1 31 13 13 13 0 31 20 31 24 20 20 31 24 0 0 31 1 1 1 1 1 1 3 3 0 0 1 1 0 0 0 0 0 0 0 0 2 2 1 
1 14 31 31 31 0 31 31 31 0 31 24 31 31 2 0 31 1 1 1 1 1 1 3 3 0 0 0 0 1 1 0 0 0 0 0 0 2 2 1 
1 14 14 14 31 14 0 31 19 20 31 24 5 31 2 0 12 1 1 1 1 1 1 3 3 0 0 0 0 1 1 0 0 0 0 0 0 2 2 1 
1 14 14 14 3 0 0 31 19 20 4 24 24 2 2 31 14 1 1 1 1 1 1 3 3 0 0 0 0 1 1 0 0 0 0 0 0 3 3 1 
1 14 14 0 31 31 31 24 24 24 24 24 31 31 2 20 0 1 1 1 1 1 1 3 3 0 0 0 0 1 1 0 0 0 0 0 0 3 3 1 
1 14 14 31 4 31 31 31 31 31 24 24 24 20 3 0 0 1 1 1 1 1 1 2 2 0 0 0 0 0 0 0 0 0 0 0 0 2 2 1 
1 14 31 3 31 31 31 31 31 2 24 2 31 3 14 20 0 1 1 1 1 1 1 2 2 0 0 0 0 0 0 0 0 0 0 0 0 2 2 1 
1 14 14 31 31 31 31 3 31 2 2 3 20 31 31 31 3 1 1 1 1 1 1 2 2 0 0 0 0 0 0 0 0 0 0 0 0 2 2 1 
1 14 14 14 31 3 0 14 12 31 31 0 14 14 14 31 31 1 1 1 1 1 1 2 2 0 0 0 0 0 0 0 0 0 0 0 0 2 2 1 
1 14 14 14 14 14 13 13 14 21 14 0 14 14 14 31 31 1 1 1 1 1 1 2 2 3 3 2 2 2 2 2 2 3 3 2 2 2 2 1 
1 14 14 14 14 14 14 14 14 14 31 20 21 13 14 14 31 1 1 1 1 1 1 2 2 3 3 2 2 2 2 2 2 3 3 2 2 2 2 1 
1 1 1 1 1 1 1 1 1 1 1 1 1 1 1 1 1 1 1 1 1 1 1 1 1 1 1 1 1 1 1 1 1 1 1 1 1 1 1 1 
